     1      1      6      7
     2      8      1      7
     3      3      2      9
     4      2     10      9
     5      4      3     11
     6     11      3      9
     7      5      4     13
     8     13      4     11
     9      6      5     14
    10      6     14      7
    11     14      5     13
    12     12      8     15
    13     15      8      7
    14     15      7     14
    15     10     16     17
    16     10     17      9
    17     11      9     17
    18     13     11     18
    19     18     11     17
    20     19     12     15
    21     20     12     19
    22     14     13     21
    23     21     13     18
    24     19     15     22
    25     15     14     22
    26     14     21     22
    27     16     23     24
    28     17     16     24
    29     17     24     25
    30     17     25     18
    31     27     18     25
    32     27     28     18
    33     28     21     18
    34     29     20     19
    35     29     19     22
    36     30     29     22
    37     30     22     21
    38     28     30     21
    39     23     26     31
    40     24     23     31
    41     24     31     32
    42     25     24     32
    43     25     32     27
    44     26     33     34
    45     31     26     34
    46     35     28     27
    47     35     27     32
    48     36     29     30
    49     35     36     28
    50     36     30     28
    51     31     34     37
    52     32     31     37
    53     38     35     32
    54     38     32     37
    55     33     39     40
    56     34     33     40
    57     34     40     41
    58     37     34     41
    59     42     36     35
    60     42     35     38
    61     43     42     38
    62     43     38     37
    63     41     43     37
    64     40     39     45
    65     40     45     44
    66     39     46     45
    67     45     47     44
    68     48     41     40
    69     48     40     44
    70     49     42     43
    71     48     49     41
    72     49     43     41
    73     47     50     44
    74     50     48     44
    75     45     46     51
    76     45     51     47
    77     46     52     51
    78     47     51     55
    79     51     54     55
    80     56     50     47
    81     56     47     55
    82     57     49     48
    83     56     57     50
    84     57     48     50
    85     52     53     58
    86     51     52     58
    87     51     58     54
    88     54     58     59
    89     58     53     60
    90     53     61     60
    91     62     55     54
    92     62     54     59
    93     62     63     55
    94     55     63     56
    95     64     57     56
    96     64     56     63
    97     66     65     62
    98     59     66     62
    99     58     60     67
   100     58     67     59
   101     67     66     59
   102     61     68     60
   103     68     67     60
   104     69     64     63
   105     69     63     62
   106     69     62     65
   107     70     64     69
   108     71     69     65
   109     67     72     66
   110     66     72     65
   111     72     71     65
   112     68     73     67
   113     67     73     72
   114     70     69     74
   115     74     69     71
   116     70     74     75
   117     76     70     75
   118     72     77     71
   119     74     71     77
   120     73     78     72
   121     72     78     77
   122     79     75     74
   123     77     79     74
   124     80     76     75
   125     79     80     75
   126     77     81     79
   127     78     82     77
   128     77     82     81
   129     83     80     79
   130     83     79     81
   131     82     84     81
   132     84     83     81
