    1      1    10    11     2
    2      2    11    12     3
    3      3    12    13     4
    4      4    13    14     5
    5      5    14    16     7
    6      8    17    15     6
    7      9    18    17     8
    8      7    16    18     9
    9     22    24    11    10
   10     11    24    25    12
   11     12    25    26    13
   12     13    26    27    14
   13     14    27    28    16
   14     15    17    29    19
   15     18    30    29    17
   16     16    28    30    18
   17     19    29    31    20
   18     20    31    32    21
   19     23    34    24    22
   20     33    35    34    23
   21     34    36    25    24
   22     27    26    25    36
   23     28    27    36    37
   24     31    29    30    38
   25     38    30    28    37
   26     32    31    38    39
   27     40    41    35    33
   28     35    42    36    34
   29     43    42    35    41
   30     37    36    42    44
   31     38    37    44    45
   32     39    38    45    46
   33     47    48    41    40
   34     43    41    48    49
   35     43    49    44    42
   36     45    44    49    50
   37     46    45    50    51
   38     52    53    48    47
   39     53    54    49    48
   40     50    49    54    55
   41     51    50    55    56
   42     63    66    53    52
   43     66    67    54    53
   44     55    54    67    68
   45     56    55    68    69
   46     57    70    71    59
   47     59    71    73    58
   48     58    73    72    60
   49     60    72    74    62
   50     62    74    76    61
   51     61    76    75    64
   52     64    75    77    65
   53     65    77    66    63
   54     66    77    78    67
   55     68    67    78    79
   56     69    68    79    80
   57     82    81    71    70
   58     81    83    73    71
   59     73    83    85    72
   60     72    85    84    74
   61     74    84    86    76
   62     75    87    78    77
   63     86    87    75    76
   64     79    78    87    88
   65     80    79    88    89
   66     91    90    83    81
   67     92    91    81    82
   68     83    90    93    85
   69     86    84    94    87
   70     93    94    84    85
   71     88    87    94    95
   72     89    88    95    96
   73     90   101   100    93
   74    102   101    90    91
   75    103   102    91    92
   76     93   100   104    94
   77     96    95   105    97
   78     95    94   104   105
   79     97   105   106    98
   80     99    98   106   107
   81    101   108   104   100
   82    109   108   101   102
   83    110   109   102   103
   84    108   111   105   104
   85    105   111   112   106
   86    107   106   112   113
   87    114   111   108   109
   88    115   114   109   110
   89    116   112   111   114
   90    113   112   116   117
   91    118   116   114   115
   92    117   116   118   119
