    1      0.00000      0.00000
    2      0.00000      0.02500
    3      0.00000      0.05000
    4      0.00000      0.07500
    5      0.00000      0.10000
    6      0.00000      0.20000
    7      0.00000      0.12500
    8      0.00000      0.17500
    9      0.00000      0.15000
   10      0.02500      0.00000
   11      0.02310      0.02541
   12      0.02097      0.04961
   13      0.01986      0.07178
   14      0.02161      0.09370
   15      0.02500      0.20000
   16      0.02430      0.11819
   17      0.02589      0.17246
   18      0.02589      0.14491
   19      0.05000      0.20000
   20      0.07500      0.20000
   21      0.10000      0.20000
   22      0.05000      0.00000
   23      0.07500      0.00000
   24      0.04670      0.02689
   25      0.04167      0.05220
   26      0.03520      0.06916
   27      0.04582      0.08239
   28      0.05000      0.10917
   29      0.05265      0.17014
   30      0.05372      0.13921
   31      0.07975      0.16999
   32      0.10341      0.17412
   33      0.10000      0.00000
   34      0.07180      0.02854
   35      0.09762      0.02713
   36      0.06682      0.06285
   37      0.07819      0.09622
   38      0.08859      0.13260
   39      0.11340      0.15000
   40      0.12500      0.00000
   41      0.12176      0.02617
   42      0.09876      0.05385
   43      0.11871      0.04639
   44      0.10719      0.08038
   45      0.11802      0.10756
   46      0.12929      0.12929
   47      0.15000      0.00000
   48      0.14599      0.02799
   49      0.13738      0.06037
   50      0.14472      0.09138
   51      0.15000      0.11340
   52      0.17500      0.00000
   53      0.17283      0.02836
   54      0.17130      0.05675
   55      0.17246      0.08276
   56      0.17412      0.10341
   57      0.40000      0.00000
   58      0.35000      0.00000
   59      0.37500      0.00000
   60      0.32500      0.00000
   61      0.27500      0.00000
   62      0.30000      0.00000
   63      0.20000      0.00000
   64      0.25000      0.00000
   65      0.22500      0.00000
   66      0.20031      0.02803
   67      0.20047      0.05534
   68      0.20036      0.08013
   69      0.20000      0.10000
   70      0.40000      0.02500
   71      0.37560      0.02461
   72      0.32668      0.02421
   73      0.35117      0.02435
   74      0.30253      0.02392
   75      0.25514      0.02725
   76      0.27927      0.02453
   77      0.22797      0.02810
   78      0.23006      0.05641
   79      0.22856      0.08259
   80      0.22588      0.10341
   81      0.37619      0.04904
   82      0.40000      0.05000
   83      0.35245      0.04849
   84      0.30345      0.04804
   85      0.32830      0.04871
   86      0.28341      0.04221
   87      0.26557      0.05930
   88      0.25733      0.09120
   89      0.25000      0.11340
   90      0.35388      0.07172
   91      0.37663      0.07312
   92      0.40000      0.07500
   93      0.33143      0.07278
   94      0.30285      0.07942
   95      0.28512      0.10825
   96      0.27071      0.12929
   97      0.28660      0.15000
   98      0.29659      0.17412
   99      0.30000      0.20000
  100      0.33703      0.09002
  101      0.35404      0.09345
  102      0.37643      0.09690
  103      0.40000      0.10000
  104      0.32410      0.10294
  105      0.31343      0.13492
  106      0.32077      0.17082
  107      0.32500      0.20000
  108      0.35077      0.11580
  109      0.37538      0.12117
  110      0.40000      0.12500
  111      0.34728      0.14225
  112      0.34780      0.17127
  113      0.35000      0.20000
  114      0.37434      0.14668
  115      0.40000      0.15000
  116      0.37430      0.17319
  117      0.37500      0.20000
  118      0.40000      0.17500
  119      0.40000      0.20000
