1     0.000000     0.200000
2     0.000000     0.000000
3     0.000000     0.040000
4     0.000000     0.080000
5     0.000000     0.120000
6     0.000000     0.160000
7     0.024017     0.175509
8     0.033374     0.200000
9     0.025767     0.027265
10     0.040000     0.000000
11     0.030022     0.060087
12     0.066748     0.200000
13     0.033421     0.100506
14     0.035054     0.143172
15     0.051658     0.174374
16     0.080000     0.000000
17     0.062479     0.036929
18     0.068916     0.080239
19     0.078806     0.178380
20     0.100000     0.200000
21     0.066844     0.119528
22     0.072332     0.151911
23     0.120000     0.000000
24     0.102485     0.031021
25     0.091286     0.058035
26     0.160000     0.000000
27     0.100859     0.079453
28     0.097492     0.107087
29     0.107585     0.161798
30     0.094043     0.134216
31     0.139458     0.028628
32     0.121689     0.062532
33     0.200000     0.000000
34     0.177758     0.029565
35     0.127275     0.098245
36     0.129289     0.129289
37     0.156952     0.055495
38     0.147343     0.080802
39     0.240000     0.000000
40     0.219212     0.033576
41     0.190895     0.061879
42     0.161798     0.107585
43     0.169592     0.080328
44     0.244236     0.054137
45     0.257268     0.029044
46     0.280000     0.000000
47     0.267828     0.059632
48     0.221858     0.072309
49     0.200000     0.100000
50     0.248532     0.076303
51     0.296462     0.036249
52     0.320000     0.000000
53     0.360000     0.000000
54     0.316447     0.059075
55     0.293052     0.071785
56     0.267420     0.090273
57     0.238177     0.107574
58     0.338244     0.035868
59     0.336386     0.065753
60     0.372792     0.027647
61     0.400000     0.000000
62     0.317368     0.087022
63     0.292732     0.098730
64     0.270672     0.129250
65     0.335755     0.103511
66     0.344281     0.084480
67     0.365588     0.062321
68     0.400000     0.040000
69     0.310672     0.121640
70     0.292384     0.161722
71     0.342418     0.125326
72     0.365725     0.101989
73     0.400000     0.080000
74     0.330303     0.150740
75     0.321581     0.178508
76     0.300000     0.200000
77     0.365908     0.142780
78     0.400000     0.120000
79     0.348852     0.174461
80     0.333314     0.200000
81     0.375486     0.176315
82     0.400000     0.160000
83     0.366657     0.200000
84     0.400000     0.200000
