     1      1       2      7      4
     2      3       8      7      2
     3      9      10      8      3
     4      4       7     11      5
     5      5      11     12      6
     6      6      12     14     13
     7      7       8     15     11
     8     10      17     15      8
     9     16      18     10      9
    10     18      19     17     10
    11     11      15     20     12
    12     12      20     21     14
    13     13      14     23     22
    14     14      21     24     23
    15     15      17     28     20
    16     25      29     18     16
    17     19      30     28     17
    18     29      31     19     18
    19     31      32     30     19
    20     20      28     34     21
    21     21      34     33     24
    22     22      23     36     35
    23     23      24     37     36
    24     24      33     38     37
    25     26      42     29     25
    26     27      43     42     26
    27     40      44     43     27
    28     28      30     45     34
    29     42      46     31     29
    30     32      47     45     30
    31     46      48     32     31
    32     48      49     47     32
    33     33      50     39     38
    34     34      45     50     33
    35     35      36     52     51
    36     36      37     53     52
    37     37      38     54     53
    38     38      39     56     54
    39     56      39     50     55
    40     41      57     44     40
    41     58      59     57     41
    42     43      60     46     42
    43     44      61     60     43
    44     57      62     61     44
    45     47      63     50     45
    46     60      64     48     46
    47     64      65     49     48
    48     49      65     63     47
    49     50      63     66     55
    50     51      52     76     74
    51     52      53     77     76
    52     53      54     78     77
    53     54      56     79     78
    54     80      55     66     67
    55     81      56     55     80
    56     81      82     79     56
    57     84      80     67     83
    58     59      88     62     57
    59     68      89     59     58
    60     89      90     88     59
    61     61      91     64     60
    62     62      92     91     61
    63     88      93     92     62
    64     91      94     65     64
    65     63      65     94     66
    66     67      66     94     95
    67     83      67     95     96
    68     85      83     96     97
    69     86      85     97     98
    70     87      86     98     99
    71     69     100     89     68
    72     70     112    100     69
    73     71     113    112     70
    74     72     114    113     71
    75     73     115    114     72
    76    101     116    115     73
    77     74      76    117     75
    78     75     117    119    118
    79     76      77    120    117
    80     77      78    121    120
    81     78      79    122    121
    82     79      82    123    122
    83    125      81     80     84
    84    125     124     82     81
    85    124     126    123     82
    86    128      84     83     85
    87    127     125     84    128
    88    129     128     85     86
    89    130     129     86     87
    90     90     131     93     88
    91    100     132     90     89
    92    132     133    131     90
    93     93     134    135     92
    94     92     135     94     91
    95    131     136    134     93
    96     95      94    135    137
    97     96      95    137    138
    98     97      96    138    139
    99     98      97    139    140
   100     99      98    140    141
   101    112     142    132    100
   102    102     143    116    101
   103    106     144    143    102
   104    104     145    147    103
   105    103     147    146    105
   106    105     146    148    110
   107    107     149    144    106
   108    108     150    149    107
   109    109     151    150    108
   110    110     148    152    111
   111    111     152    151    109
   112    113     153    142    112
   113    114     154    153    113
   114    115     155    154    114
   115    116     156    155    115
   116    143     157    156    116
   117    117     120    161    119
   118    118     119    162    158
   119    119     161    163    162
   120    120     121    164    161
   121    121     122    165    164
   122    122     123    166    165
   123    166     123    126    167
   124    127     168    124    125
   125    168     167    126    124
   126    169     168    127    128
   127    170     169    128    129
   128    171     170    129    130
   129    133     186    136    131
   130    142     187    133    132
   131    187     188    186    133
   132    137     135    134    189
   133    189     134    136    186
   134    138     137    189    190
   135    139     138    190    191
   136    140     139    191    192
   137    141     140    192    193
   138    153     194    187    142
   139    144     195    157    143
   140    149     197    195    144
   141    196     198    147    145
   142    147     198    200    146
   143    146     200    199    148
   144    148     199    201    152
   145    150     202    197    149
   146    151     203    202    150
   147    152     201    203    151
   148    154     204    194    153
   149    155     205    204    154
   150    156     206    205    155
   151    157     207    206    156
   152    195     208    207    157
   153    158     162    209    159
   154    159     209    210    160
   155    160     210    211    172
   156    161     164    212    163
   157    162     163    213    209
   158    163     212    214    213
   159    164     165    215    212
   160    165     166    216    215
   161    166     167    217    216
   162    167     168    218    217
   163    168     169    219    218
   164    169     170    220    219
   165    170     171    221    220
   166    172     211    222    173
   167    173     222    223    175
   168    178     225    224    174
   169    175     223    226    176
   170    176     226    227    177
   171    177     227    228    179
   172    180     229    225    178
   173    179     228    230    181
   174    184     231    229    180
   175    181     230    232    182
   176    182     232    233    183
   177    185     234    231    184
   178    183     233    234    185
   179    237     189    186    188
   180    194     238    188    187
   181    239     237    188    238
   182    190     189    237    240
   183    191     190    240    241
   184    192     191    241    242
   185    193     192    242    243
   186    204     244    238    194
   187    197     246    208    195
   188    245     247    198    196
   189    202     248    246    197
   190    247     249    200    198
   191    199     251    250    201
   192    200     249    251    199
   193    201     250    252    203
   194    203     252    248    202
   195    205     253    244    204
   196    206     255    253    205
   197    207     256    255    206
   198    208     254    256    207
   199    246     257    254    208
   200    209     213    259    210
   201    210     259    261    211
   202    211     261    260    222
   203    212     215    262    214
   204    213     214    263    259
   205    214     262    264    263
   206    216     265    262    215
   207    266     265    216    217
   208    267     266    217    218
   209    268     267    218    219
   210    269     268    219    220
   211    270     269    220    221
   212    222     260    271    223
   213    223     271    272    226
   214    224     225    273    235
   215    229     274    273    225
   216    226     272    275    227
   217    227     275    276    228
   218    277     230    228    276
   219    231     278    274    229
   220    230     277    279    232
   221    234     280    278    231
   222    233     281    280    234
   223    232     279    281    233
   224    235     273    282    236
   225    236     282    284    283
   226    239     285    240    237
   227    239     238    244    285
   228    241     240    285    286
   229    242     241    286    287
   230    243     242    287    288
   231    244     253    290    285
   232    289     291    247    245
   233    257     246    248    292
   234    291     293    249    247
   235    252     294    292    248
   236    293     295    251    249
   237    251     295    296    250
   238    250     296    294    252
   239    297     254    257    258
   240    255     298    290    253
   241    255     256    299    298
   242    254     297    299    256
   243    300     297    258    301
   244    258     257    292    302
   245    301     258    302    303
   246    259     263    304    261
   247    260     306    305    271
   248    261     304    306    260
   249    263     264    307    304
   250    307     264    262    265
   251    308     307    265    266
   252    309     308    266    267
   253    310     309    267    268
   254    311     310    268    269
   255    312     311    269    270
   256    271     305    313    272
   257    272     313    314    275
   258    273     274    315    282
   259    278     316    315    274
   260    275     314    317    276
   261    318     277    276    317
   262    277     318    319    279
   263    280     320    316    278
   264    279     319    321    281
   265    281     321    320    280
   266    282     315    322    284
   267    283     284    324    323
   268    284     322    325    324
   269    285     290    328    329
   270    286     285    329    330
   271    287     286    330    331
   272    288     287    331    332
   273    326     333    291    289
   274    298     334    328    290
   275    333     335    293    291
   276    294     336    302    292
   277    335     337    295    293
   278    337     338    296    295
   279    296     338    336    294
   280    334     298    299    340
   281    299     297    300    340
   282    341     302    336    339
   283    340     300    301    342
   284    342     301    303    343
   285    341     344    303    302
   286    343     303    344    345
   287    346     306    304    307
   288    305     348    347    313
   289    306     346    348    305
   290    349     346    307    308
   291    350     349    308    309
   292    351     350    309    310
   293    352     351    310    311
   294    353     352    311    312
   295    313     347    354    314
   296    314     354    355    317
   297    315     316    356    322
   298    320     357    356    316
   299    358     318    317    355
   300    318     358    359    319
   301    319     359    360    321
   302    321     360    357    320
   303    322     356    361    325
   304    323     324    363    362
   305    324     325    365    363
   306    325     361    364    365
   307    327     367    333    326
   308    366     368    367    327
   309    334     369    329    328
   310    369     370    330    329
   311    370     371    331    330
   312    371     372    332    331
   313    367     373    335    333
   314    369     334    340    374
   315    373     375    337    335
   316    375     376    338    337
   317    376     339    336    338
   318    376     377    341    339
   319    374     340    342    378
   320    377     379    344    341
   321    378     342    343    380
   322    380     343    345    381
   323    381     345    344    379
   324    354     347    383    382
   325    384     348    346    349
   326    384     383    347    348
   327    385     384    349    350
   328    386     385    350    351
   329    387     386    351    352
   330    388     387    352    353
   331    354     382    389    355
   332    390     358    355    389
   333    356     357    391    361
   334    360     392    391    357
   335    358     390    393    359
   336    359     393    392    360
   337    361     391    394    364
   338    364     394    395    397
   339    362     363    398    396
   340    363     365    399    398
   341    365     364    397    399
   342    400     402    368    366
   343    368     403    373    367
   344    402     404    403    368
   345    370     369    374    405
   346    371     370    405    406
   347    372     371    406    407
   348    403     408    375    373
   349    405     374    378    409
   350    408     410    376    375
   351    411     377    376    410
   352    412     379    377    411
   353    409     378    380    413
   354    380     381    414    413
   355    414     381    379    412
   356    389     382    383    416
   357    417     416    383    384
   358    418     417    384    385
   359    419     418    385    386
   360    415     420    387    388
   361    420     419    386    387
   362    421     390    389    416
   363    421     422    393    390
   364    391     392    423    394
   365    423     392    393    422
   366    394     423    425    395
   367    395     425    426    427
   368    397     395    427    428
   369    396     398    429    424
   370    398     399    430    429
   371    399     397    428    430
   372    401     434    402    400
   373    433     435    434    401
   374    434     436    404    402
   375    404     437    408    403
   376    436     438    437    404
   377    406     405    409    439
   378    407     406    439    440
   379    437     441    410    408
   380    439     409    413    442
   381    443     411    410    441
   382    412     411    443    444
   383    413     414    445    442
   384    414     412    444    445
   385    447     446    420    415
   386    448     421    416    417
   387    449     448    417    418
   388    446     450    419    420
   389    450     449    418    419
   390    452     422    421    448
   391    451     423    422    452
   392    451     453    425    423
   393    424     429    455    431
   394    453     456    426    425
   395    427     426    456    457
   396    428     427    457    458
   397    429     430    459    455
   398    430     428    458    459
   399    431     455    460    432
   400    432     460    461    462
   401    463     464    435    433
   402    435     465    436    434
   403    464     466    465    435
   404    465     467    438    436
   405    441     437    438    468
   406    467     469    468    438
   407    440     439    472    470
   408    439     442    471    472
   409    443     441    468    473
   410    442     445    474    471
   411    445     444    475    474
   412    444     443    473    475
   413    454     477    446    447
   414    477     476    450    446
   415    476     478    449    450
   416    478     452    448    449
   417    480     451    452    478
   418    480     479    453    451
   419    481     456    453    479
   420    483     482    477    454
   421    455     459    484    460
   422    457     456    481    485
   423    459     458    486    484
   424    458     457    485    486
   425    460     484    487    461
   426    461     487    488    489
   427    462     461    489    490
   428    491     492    464    463
   429    492     494    466    464
   430    466     495    467    465
   431    494     496    495    466
   432    495     498    469    467
   433    473     468    469    498
   434    470     472    499    497
   435    472     471    501    499
   436    471     474    500    501
   437    474     475    502    500
   438    475     473    498    502
   439    482     504    476    477
   440    504     480    478    476
   441    503     485    481    505
   442    504     506    479    480
   443    505     481    479    506
   444    504     482    508    507
   445    482     483    509    508
   446    484     486    510    487
   447    486     485    512    510
   448    485     503    511    512
   449    487     510    513    488
   450    488     513    514    515
   451    489     488    515    516
   452    490     489    516    517
   453    493     518    492    491
   454    518     519    494    492
   455    521     520    518    493
   456    519     522    496    494
   457    496     524    498    495
   458    522     525    524    496
   459    497     499    526    523
   460    527     502    498    524
   461    499     501    528    526
   462    501     500    529    528
   463    500     502    527    529
   464    503     505    530    511
   465    505     506    531    530
   466    506     504    507    531
   467    532     531    507    508
   468    533     532    508    509
   469    535     534    511    530
   470    510     512    536    513
   471    536     512    511    534
   472    536     537    514    513
   473    514     537    538    539
   474    515     514    539    540
   475    516     515    540    541
   476    517     516    541    542
   477    520     543    519    518
   478    543     544    522    519
   479    546     545    543    520
   480    547     546    520    521
   481    544     549    525    522
   482    523     526    550    548
   483    525     552    527    524
   484    551     552    525    549
   485    526     528    553    550
   486    528     529    554    553
   487    529     527    552    554
   488    559     535    530    531
   489    560     559    531    532
   490    561     560    532    533
   491    566     567    535    559
   492    567     568    534    535
   493    536     534    568    537
   494    537     568    569    538
   495    539     538    569    570
   496    540     539    570    571
   497    541     540    571    572
   498    542     541    572    573
   499    545     574    544    543
   500    574     575    549    544
   501    577     576    574    545
   502    578     577    545    546
   503    579     578    546    547
   504    548     550    580    555
   505    581     551    549    575
   506    550     553    582    580
   507    552     551    581    583
   508    553     554    584    582
   509    554     552    583    584
   510    555     580    585    556
   511    586     557    556    585
   512    557     586    587    558
   513    558     587    588    563
   514    562     589    560    561
   515    589     566    559    560
   516    564     590    589    562
   517    563     588    591    565
   518    565     591    590    564
   519    592     593    566    589
   520    593     594    567    566
   521    594     595    568    567
   522    596     569    568    595
   523    570     569    596    597
   524    571     570    597    598
   525    572     571    598    599
   526    573     572    599    600
   527    576     601    575    574
   528    602     581    575    601
   529    604     603    601    576
   530    605     604    576    577
   531    606     605    577    578
   532    607     606    578    579
   533    580     582    608    585
   534    583     581    602    609
   535    582     584    610    608
   536    584     583    609    610
   537    611     586    585    608
   538    586     611    612    587
   539    587     612    613    588
   540    588     613    614    591
   541    590     615    592    589
   542    591     614    615    590
   543    615     616    593    592
   544    616     617    594    593
   545    617     618    595    594
   546    618     619    596    595
   547    619     620    597    596
   548    620     621    598    597
   549    621     622    599    598
   550    600     599    622    623
   551    603     625    602    601
   552    625     624    609    602
   553    627     626    625    603
   554    628     627    603    604
   555    629     628    604    605
   556    630     629    605    606
   557    631     630    606    607
   558    624     632    610    609
   559    632     611    608    610
   560    611     632    633    612
   561    612     633    634    613
   562    613     634    635    614
   563    614     635    636    615
   564    615     636    637    616
   565    637     638    617    616
   566    638     639    618    617
   567    618     639    640    619
   568    620     619    640    641
   569    621     620    641    642
   570    622     621    642    643
   571    623     622    643    644
   572    632     624    646    645
   573    625     626    646    624
   574    626     627    647    646
   575    648     647    627    628
   576    649     648    628    629
   577    650     649    629    630
   578    651     650    630    631
   579    633     653    652    634
   580    632     645    653    633
   581    636     635    654    637
   582    634     652    654    635
   583    637     654    655    638
   584    638     655    656    639
   585    639     656    657    640
   586    641     640    657    658
   587    642     641    658    659
   588    643     642    659    660
   589    644     643    660    661
   590    645     663    662    653
   591    646     647    663    645
   592    665     664    663    647
   593    666     665    647    648
   594    667     666    648    649
   595    668     667    649    650
   596    669     668    650    651
   597    652     670    655    654
   598    653     662    670    652
   599    655     670    671    656
   600    657     656    671    672
   601    658     657    672    673
   602    659     658    673    674
   603    660     659    674    675
   604    661     660    675    676
   605    677     670    662    678
   606    662     663    664    678
   607    679     678    664    665
   608    680     679    665    666
   609    681     680    666    667
   610    682     681    667    668
   611    683     682    668    669
   612    677     684    671    670
   613    672     671    684    685
   614    673     672    685    686
   615    674     673    686    687
   616    675     674    687    688
   617    676     675    688    689
   618    677     678    690    684
   619    691     690    678    679
   620    692     691    679    680
   621    693     692    680    681
   622    694     693    681    682
   623    695     694    682    683
   624    685     684    690    696
   625    686     685    696    697
   626    687     686    697    698
   627    688     687    698    699
   628    689     688    699    700
   629    701     696    690    691
   630    702     701    691    692
   631    703     702    692    693
   632    704     703    693    694
   633    705     704    694    695
   634    697     696    701    706
   635    698     697    706    707
   636    699     698    707    708
   637    700     699    708    709
   638    710     706    701    702
   639    711     710    702    703
   640    712     711    703    704
   641    713     712    704    705
   642    707     706    710    714
   643    708     707    714    715
   644    709     708    715    716
   645    714     710    711    717
   646    718     717    711    712
   647    719     718    712    713
   648    715     714    717    720
   649    716     715    720    721
   650    720     717    718    722
   651    723     722    718    719
   652    721     720    722    724
   653    724     722    723    725
