1     0.000000     0.000000
2     0.018519     0.000000
3     0.037037     0.000000
4     0.000000     0.018519
5     0.000000     0.037037
6     0.000000     0.055556
7     0.018757     0.018375
8     0.037490     0.018181
9     0.055556     0.000000
10     0.056164     0.017909
11     0.019012     0.036800
12     0.019279     0.055331
13     0.000000     0.074074
14     0.019486     0.073995
15     0.038007     0.036457
16     0.074074     0.000000
17     0.056922     0.035908
18     0.074708     0.017576
19     0.075565     0.035127
20     0.038623     0.054964
21     0.039184     0.073820
22     0.000000     0.092593
23     0.019515     0.092751
24     0.039324     0.092927
25     0.092593     0.000000
26     0.111111     0.000000
27     0.129630     0.000000
28     0.058017     0.054232
29     0.093081     0.017294
30     0.077083     0.052799
31     0.093705     0.034356
32     0.094925     0.050828
33     0.060082     0.093401
34     0.059427     0.073371
35     0.000000     0.111111
36     0.019326     0.111555
37     0.038882     0.112028
38     0.058826     0.112795
39     0.075600     0.114983
40     0.148148     0.000000
41     0.166667     0.000000
42     0.111380     0.017222
43     0.129831     0.017369
44     0.148565     0.017494
45     0.080112     0.071582
46     0.111497     0.034161
47     0.099737     0.069447
48     0.111304     0.050054
49     0.111559     0.062162
50     0.088989     0.097600
51     0.000000     0.129630
52     0.018907     0.130352
53     0.038064     0.131153
54     0.058096     0.132189
55     0.103256     0.114418
56     0.082409     0.132106
57     0.167397     0.017343
58     0.185185     0.000000
59     0.186014     0.016971
60     0.129682     0.034762
61     0.148827     0.035341
62     0.168376     0.034945
63     0.108073     0.082199
64     0.128291     0.052130
65     0.122564     0.068555
66     0.123416     0.098673
67     0.138537     0.116983
68     0.203704     0.000000
69     0.222222     0.000000
70     0.240741     0.000000
71     0.259259     0.000000
72     0.277778     0.000000
73     0.296296     0.000000
74     0.000000     0.148148
75     0.000000     0.166667
76     0.018281     0.149091
77     0.036708     0.150218
78     0.055529     0.151877
79     0.074399     0.155571
80     0.118830     0.131629
81     0.102231     0.146942
82     0.090802     0.162786
83     0.151455     0.135113
84     0.132067     0.148507
85     0.163238     0.151519
86     0.175181     0.164158
87     0.185721     0.173396
88     0.187232     0.033843
89     0.204292     0.016655
90     0.205056     0.032979
91     0.148482     0.054526
92     0.170198     0.053337
93     0.189655     0.050319
94     0.145986     0.079603
95     0.160591     0.103546
96     0.172294     0.122751
97     0.182533     0.139245
98     0.191842     0.152804
99     0.200000     0.163397
100     0.222387     0.016591
101     0.314815     0.000000
102     0.333333     0.000000
103     0.481481     0.000000
104     0.500000     0.000000
105     0.462963     0.000000
106     0.351852     0.000000
107     0.370370     0.000000
108     0.388889     0.000000
109     0.407407     0.000000
110     0.444444     0.000000
111     0.425926     0.000000
112     0.240522     0.016756
113     0.258808     0.017013
114     0.277235     0.017239
115     0.295756     0.017369
116     0.314268     0.017428
117     0.017542     0.167683
118     0.000000     0.185185
119     0.016853     0.186093
120     0.035052     0.168937
121     0.052415     0.170793
122     0.069122     0.173693
123     0.084050     0.177816
124     0.103202     0.173036
125     0.115645     0.160799
126     0.093800     0.181048
127     0.122695     0.170448
128     0.142467     0.168636
129     0.160699     0.178790
130     0.173396     0.185721
131     0.206041     0.048114
132     0.222467     0.032906
133     0.222091     0.048558
134     0.195547     0.065775
135     0.174934     0.072849
136     0.207169     0.059426
137     0.184661     0.092958
138     0.194438     0.112769
139     0.202562     0.130046
140     0.209670     0.144494
141     0.215798     0.156031
142     0.240133     0.033404
143     0.332752     0.017464
144     0.351240     0.017539
145     0.500000     0.018519
146     0.462824     0.018387
147     0.481416     0.018463
148     0.444214     0.018285
149     0.369756     0.017672
150     0.388326     0.017838
151     0.406946     0.017996
152     0.425585     0.018156
153     0.258220     0.034055
154     0.276632     0.034578
155     0.295231     0.034818
156     0.313780     0.034866
157     0.332217     0.034881
158     0.000000     0.203704
159     0.000000     0.222222
160     0.000000     0.240741
161     0.033548     0.187213
162     0.016333     0.204317
163     0.032418     0.205080
164     0.049917     0.188789
165     0.065741     0.190898
166     0.080807     0.192973
167     0.095654     0.193223
168     0.114161     0.187920
169     0.134281     0.191945
170     0.150472     0.196080
171     0.163397     0.200000
172     0.000000     0.259259
173     0.000000     0.277778
174     0.000000     0.500000
175     0.000000     0.296296
176     0.000000     0.314815
177     0.000000     0.333333
178     0.000000     0.481481
179     0.000000     0.351852
180     0.000000     0.462963
181     0.000000     0.370370
182     0.000000     0.388889
183     0.000000     0.407407
184     0.000000     0.444444
185     0.000000     0.425926
186     0.218800     0.065573
187     0.239277     0.049857
188     0.237571     0.065969
189     0.211043     0.082162
190     0.217739     0.105338
191     0.223578     0.123723
192     0.228454     0.139125
193     0.232635     0.151519
194     0.257339     0.051166
195     0.350627     0.035022
196     0.500000     0.037037
197     0.369109     0.035328
198     0.481360     0.036946
199     0.443997     0.036620
200     0.462701     0.036809
201     0.425248     0.036362
202     0.387733     0.035714
203     0.406470     0.036075
204     0.275904     0.052206
205     0.294805     0.052478
206     0.313509     0.052302
207     0.331849     0.052162
208     0.350040     0.052365
209     0.016056     0.222408
210     0.016092     0.240539
211     0.016338     0.258881
212     0.048052     0.206242
213     0.031798     0.222603
214     0.046786     0.223004
215     0.063262     0.208031
216     0.078564     0.210030
217     0.094725     0.210973
218     0.111970     0.211119
219     0.128931     0.212327
220     0.143866     0.214197
221     0.156031     0.215798
222     0.016578     0.277494
223     0.016666     0.296215
224     0.018519     0.500000
225     0.018549     0.481420
226     0.016643     0.314825
227     0.016651     0.333248
228     0.016808     0.351562
229     0.018545     0.462824
230     0.017148     0.369896
231     0.018469     0.444195
232     0.017574     0.388340
233     0.017980     0.406905
234     0.018287     0.425542
235     0.037037     0.500000
236     0.055556     0.500000
237     0.237908     0.085215
238     0.257869     0.065216
239     0.254525     0.079577
240     0.242528     0.103526
241     0.245632     0.120253
242     0.247874     0.136818
243     0.250000     0.150000
244     0.278436     0.070810
245     0.500000     0.055556
246     0.368384     0.052993
247     0.481318     0.055493
248     0.387072     0.053755
249     0.462595     0.055349
250     0.424910     0.054801
251     0.443797     0.055091
252     0.405992     0.054362
253     0.294735     0.070575
254     0.349446     0.069283
255     0.313790     0.069585
256     0.331853     0.069118
257     0.367364     0.070626
258     0.365129     0.087723
259     0.032009     0.240141
260     0.033377     0.277095
261     0.032725     0.258180
262     0.060950     0.224818
263     0.047188     0.239192
264     0.057640     0.237723
265     0.075596     0.228590
266     0.092527     0.231060
267     0.109871     0.231897
268     0.126039     0.232279
269     0.140107     0.232563
270     0.151519     0.232635
271     0.033487     0.296280
272     0.033272     0.315057
273     0.037133     0.481378
274     0.037163     0.462715
275     0.033150     0.333278
276     0.033469     0.351227
277     0.034219     0.369283
278     0.037053     0.443964
279     0.035194     0.387642
280     0.036717     0.425133
281     0.036080     0.406314
282     0.055785     0.481370
283     0.074074     0.500000
284     0.074516     0.481432
285     0.273901     0.095612
286     0.268185     0.120542
287     0.267321     0.137881
288     0.267365     0.151519
289     0.500000     0.074074
290     0.295798     0.085154
291     0.481316     0.074133
292     0.386248     0.072440
293     0.462528     0.074102
294     0.405543     0.072991
295     0.443582     0.073889
296     0.424585     0.073446
297     0.349024     0.085311
298     0.315112     0.086239
299     0.332800     0.085790
300     0.348914     0.096881
301     0.359917     0.101803
302     0.385041     0.094270
303     0.373422     0.108938
304     0.049562     0.256425
305     0.050832     0.296876
306     0.050928     0.276447
307     0.068795     0.250132
308     0.090495     0.252759
309     0.109048     0.253031
310     0.125317     0.252213
311     0.139056     0.251114
312     0.150000     0.250000
313     0.049869     0.315928
314     0.049228     0.333572
315     0.055933     0.462663
316     0.055890     0.443785
317     0.049765     0.350703
318     0.051229     0.368260
319     0.053018     0.386570
320     0.055499     0.424670
321     0.054551     0.405491
322     0.074904     0.462731
323     0.092593     0.500000
324     0.093297     0.481603
325     0.094023     0.463045
326     0.500000     0.092593
327     0.500000     0.111111
328     0.301669     0.099869
329     0.292335     0.111181
330     0.289038     0.126178
331     0.285994     0.142330
332     0.284202     0.156031
333     0.481412     0.092878
334     0.315719     0.101928
335     0.462612     0.093118
336     0.405663     0.091716
337     0.443337     0.093197
338     0.423936     0.092743
339     0.406049     0.105622
340     0.336386     0.104395
341     0.395482     0.111089
342     0.353070     0.114521
343     0.366618     0.120681
344     0.383557     0.118922
345     0.375744     0.124736
346     0.070259     0.276147
347     0.066193     0.318422
348     0.069545     0.299022
349     0.090902     0.276731
350     0.110436     0.275114
351     0.127141     0.272308
352     0.140802     0.269634
353     0.151519     0.267365
354     0.064107     0.334256
355     0.065125     0.349553
356     0.075140     0.443714
357     0.074939     0.424234
358     0.068060     0.366318
359     0.071294     0.384773
360     0.073785     0.404340
361     0.094793     0.444032
362     0.111111     0.500000
363     0.112067     0.481897
364     0.114462     0.445119
365     0.113113     0.463686
366     0.500000     0.129630
367     0.481691     0.111681
368     0.482179     0.130426
369     0.312455     0.117368
370     0.307860     0.133513
371     0.303637     0.149354
372     0.300000     0.163397
373     0.463118     0.112338
374     0.330585     0.123404
375     0.443698     0.113189
376     0.420933     0.114470
377     0.404008     0.125171
378     0.347964     0.129569
379     0.390062     0.131216
380     0.363542     0.133772
381     0.377123     0.134698
382     0.072628     0.335050
383     0.081138     0.324970
384     0.092771     0.305273
385     0.115153     0.297637
386     0.131959     0.292175
387     0.145461     0.287730
388     0.156031     0.284202
389     0.077525     0.347109
390     0.084757     0.362536
391     0.095481     0.424040
392     0.094743     0.402808
393     0.090505     0.381684
394     0.116661     0.425450
395     0.136014     0.429460
396     0.129630     0.500000
397     0.133510     0.446793
398     0.130779     0.482240
399     0.132004     0.464487
400     0.500000     0.148148
401     0.500000     0.166667
402     0.482756     0.148990
403     0.464233     0.131454
404     0.465614     0.150096
405     0.326118     0.141050
406     0.321000     0.158431
407     0.314279     0.173396
408     0.445948     0.133118
409     0.344675     0.147596
410     0.427604     0.136429
411     0.410678     0.141674
412     0.394911     0.146698
413     0.362802     0.150339
414     0.379348     0.149787
415     0.163397     0.300000
416     0.092366     0.338480
417     0.107273     0.327859
418     0.124136     0.318629
419     0.139898     0.311152
420     0.153019     0.304939
421     0.101524     0.356057
422     0.110600     0.375958
423     0.121337     0.400767
424     0.148148     0.500000
425     0.142776     0.412786
426     0.153500     0.420732
427     0.152850     0.432110
428     0.151885     0.448089
429     0.149441     0.482571
430     0.150712     0.465190
431     0.166667     0.500000
432     0.185185     0.500000
433     0.500000     0.185185
434     0.483229     0.167345
435     0.483467     0.185609
436     0.466711     0.168174
437     0.448704     0.151960
438     0.450917     0.169481
439     0.341589     0.171091
440     0.326604     0.185721
441     0.432178     0.155215
442     0.364263     0.169790
443     0.415896     0.159819
444     0.399431     0.164358
445     0.382462     0.167743
446     0.163353     0.320908
447     0.173396     0.314279
448     0.118493     0.347319
449     0.135258     0.337982
450     0.150599     0.328980
451     0.142306     0.385859
452     0.129802     0.366827
453     0.155343     0.402086
454     0.185721     0.326604
455     0.168117     0.482872
456     0.165147     0.416200
457     0.169988     0.431302
458     0.170569     0.448350
459     0.169510     0.465675
460     0.186826     0.483226
461     0.205461     0.483727
462     0.203704     0.500000
463     0.500000     0.203704
464     0.483525     0.203952
465     0.467120     0.185962
466     0.467019     0.203997
467     0.451509     0.185992
468     0.436192     0.172611
469     0.440563     0.185399
470     0.336603     0.200000
471     0.368573     0.190244
472     0.351259     0.194057
473     0.421314     0.178360
474     0.386459     0.187275
475     0.404291     0.183530
476     0.164175     0.346003
477     0.176484     0.335385
478     0.147894     0.356592
479     0.172791     0.393183
480     0.161316     0.375101
481     0.181947     0.410032
482     0.192252     0.347260
483     0.200000     0.336603
484     0.188529     0.466263
485     0.192153     0.427785
486     0.190299     0.448617
487     0.207466     0.467336
488     0.225858     0.468716
489     0.223863     0.484324
490     0.222222     0.500000
491     0.500000     0.222222
492     0.483575     0.222454
493     0.500000     0.240741
494     0.467008     0.222647
495     0.450130     0.203313
496     0.449898     0.222816
497     0.343969     0.215798
498     0.430476     0.198895
499     0.357317     0.213068
500     0.390443     0.207753
501     0.373060     0.210399
502     0.409109     0.204321
503     0.203394     0.414942
504     0.183256     0.365826
505     0.199549     0.403498
506     0.192721     0.385707
507     0.204335     0.363798
508     0.210457     0.354466
509     0.215798     0.343969
510     0.210062     0.450609
511     0.218227     0.417880
512     0.213879     0.433763
513     0.228749     0.453222
514     0.245763     0.455694
515     0.243440     0.469959
516     0.241952     0.484844
517     0.240741     0.500000
518     0.483711     0.240999
519     0.467368     0.241399
520     0.483867     0.259445
521     0.500000     0.259259
522     0.450860     0.242317
523     0.348481     0.232635
524     0.431509     0.223984
525     0.433852     0.244925
526     0.360885     0.231650
527     0.412167     0.227069
528     0.375896     0.230491
529     0.393220     0.229155
530     0.219189     0.400931
531     0.216996     0.379160
532     0.227083     0.361756
533     0.232635     0.348481
534     0.238352     0.420910
535     0.241338     0.402453
536     0.233204     0.437543
537     0.250589     0.442125
538     0.261381     0.448491
539     0.260952     0.457115
540     0.260375     0.470601
541     0.259803     0.485115
542     0.259259     0.500000
543     0.467824     0.259790
544     0.452010     0.260564
545     0.468015     0.277821
546     0.483921     0.277763
547     0.500000     0.277778
548     0.350000     0.250000
549     0.436794     0.262255
550     0.361857     0.250321
551     0.426388     0.264427
552     0.414866     0.252683
553     0.376477     0.250666
554     0.393797     0.251103
555     0.348481     0.267365
556     0.343969     0.284202
557     0.336603     0.300000
558     0.326604     0.314279
559     0.243894     0.383304
560     0.247859     0.365395
561     0.250000     0.350000
562     0.267365     0.348481
563     0.314279     0.326604
564     0.284202     0.343969
565     0.300000     0.336603
566     0.266781     0.386029
567     0.264153     0.404746
568     0.262506     0.426457
569     0.272673     0.442649
570     0.276194     0.456268
571     0.277267     0.470401
572     0.277639     0.485061
573     0.277778     0.500000
574     0.452494     0.278035
575     0.437705     0.278316
576     0.452098     0.295371
577     0.467731     0.295725
578     0.483768     0.296027
579     0.500000     0.296296
580     0.360084     0.268957
581     0.423454     0.277654
582     0.374508     0.270826
583     0.408426     0.274889
584     0.391274     0.272667
585     0.355448     0.287267
586     0.347749     0.304694
587     0.337058     0.320429
588     0.324108     0.334008
589     0.273037     0.366327
590     0.293278     0.355796
591     0.309565     0.345661
592     0.288319     0.374957
593     0.286639     0.387610
594     0.285849     0.404708
595     0.286910     0.422377
596     0.290269     0.439016
597     0.293143     0.454529
598     0.294760     0.469613
599     0.295673     0.484751
600     0.296296     0.500000
601     0.437014     0.294984
602     0.422035     0.294714
603     0.435677     0.311660
604     0.450972     0.312787
605     0.467012     0.313696
606     0.483435     0.314322
607     0.500000     0.314815
608     0.370019     0.291111
609     0.405766     0.294807
610     0.387468     0.294322
611     0.362111     0.311179
612     0.349728     0.328888
613     0.335367     0.343461
614     0.320591     0.355893
615     0.304388     0.366878
616     0.304998     0.386887
617     0.305945     0.403287
618     0.307473     0.420046
619     0.309506     0.436674
620     0.311445     0.452826
621     0.312916     0.468648
622     0.313972     0.484322
623     0.314815     0.500000
624     0.405489     0.314469
625     0.421311     0.311490
626     0.421666     0.323950
627     0.434341     0.330183
628     0.448591     0.330716
629     0.465890     0.331978
630     0.482953     0.332749
631     0.500000     0.333333
632     0.382586     0.320673
633     0.363532     0.340778
634     0.347006     0.355291
635     0.331441     0.366378
636     0.320186     0.373759
637     0.322328     0.384873
638     0.325109     0.400530
639     0.327295     0.417686
640     0.328927     0.434643
641     0.330333     0.451324
642     0.331513     0.467692
643     0.332484     0.483873
644     0.333333     0.500000
645     0.394359     0.342672
646     0.411105     0.331645
647     0.424083     0.347784
648     0.445998     0.349760
649     0.464687     0.350725
650     0.482437     0.351352
651     0.500000     0.351852
652     0.358047     0.370367
653     0.376217     0.356733
654     0.339568     0.379624
655     0.345022     0.396249
656     0.347447     0.414900
657     0.348510     0.432738
658     0.349463     0.449975
659     0.350336     0.466822
660     0.351124     0.483458
661     0.351852     0.500000
662     0.388192     0.372755
663     0.404455     0.359483
664     0.411038     0.370953
665     0.426062     0.370078
666     0.445199     0.369550
667     0.463876     0.369778
668     0.482040     0.370079
669     0.500000     0.370370
670     0.369523     0.389835
671     0.367740     0.412384
672     0.368092     0.431128
673     0.368658     0.448813
674     0.369240     0.466042
675     0.369814     0.483060
676     0.370370     0.500000
677     0.386706     0.396895
678     0.402471     0.386596
679     0.425322     0.389134
680     0.444750     0.388972
681     0.463449     0.388829
682     0.481793     0.388830
683     0.500000     0.388889
684     0.386866     0.411484
685     0.387385     0.429835
686     0.387756     0.447738
687     0.388140     0.465347
688     0.388510     0.482704
689     0.388889     0.500000
690     0.405670     0.409602
691     0.425322     0.408603
692     0.444479     0.408062
693     0.463191     0.407728
694     0.481656     0.407533
695     0.500000     0.407407
696     0.406497     0.428621
697     0.406736     0.446798
698     0.406967     0.464697
699     0.407181     0.482386
700     0.407407     0.500000
701     0.425546     0.427602
702     0.444415     0.426903
703     0.463071     0.426458
704     0.481568     0.426155
705     0.500000     0.425926
706     0.425666     0.446061
707     0.425729     0.464170
708     0.425816     0.482118
709     0.425926     0.500000
710     0.444428     0.445460
711     0.463019     0.445018
712     0.481525     0.444698
713     0.500000     0.444444
714     0.444401     0.463749
715     0.444409     0.481902
716     0.444444     0.500000
717     0.462983     0.463424
718     0.481502     0.463172
719     0.500000     0.462963
720     0.462962     0.481732
721     0.462963     0.500000
722     0.481486     0.481596
723     0.500000     0.481481
724     0.481481     0.500000
725     0.500000     0.500000
