

             200000000000         0.006          0.00004
             200000000000         0.006          0.00004
             200000000000         0.006          0.00004
             200000000000         0.009          0.00006
             200000000000         0.009          0.00006
             200000000000         0.009          0.00006
             200000000000         0.006          0.00004
             200000000000         0.006          0.00004
             200000000000         0.006          0.00004
             200000000000         0.009          0.00006
             200000000000         0.009          0.00006
             200000000000         0.009          0.00006
             200000000000         0.006          0.00004
             200000000000         0.006          0.00004
             200000000000         0.006          0.00004
              
             