

             200000000000         0.006          0.0004
             200000000000         0.006          0.0004
             200000000000         0.006          0.0004
             200000000000         0.009          0.0006
             200000000000         0.009          0.0006
             200000000000         0.009          0.0006
             200000000000         0.006          0.0004
             200000000000         0.006          0.0004
             200000000000         0.006          0.0004
             200000000000         0.009          0.0006
             200000000000         0.009          0.0006
             200000000000         0.009          0.0006
             200000000000         0.006          0.0004
             200000000000         0.006          0.0004
             200000000000         0.006          0.0004
              
             