位移向量                                          
0.000000000
0.000000000
-0.000597028
0.001447011
0.000014968
-0.000252955
0.002046185
0.000020475
-0.000098826
0.002274604
0.000021909
-0.000039407
0.000000000
0.000000000
-0.000624403
0.001424883
0.000000065
-0.000176078
0.002015151
0.000000247
-0.000088949
0.002258350
0.000000352
-0.000029929
0.000000000
0.000000000
-0.000580316
0.001408344
-0.000015032
-0.000247713
0.002006845
-0.000020722
-0.000102442
0.002253631
-0.000022261
-0.000044382
力向量：
-6116.839263604
-5987.079281696
0.000000000
8000.000000000
0.000000000
0.000000000
8000.000000000
-0.000000000
-0.000000000
4000.000000000
0.000000000
-0.000000000
-7970.226509392
-25.841436608
0.000000000
0.000000000
0.000000000
0.000000000
-0.000000000
-0.000000000
0.000000000
0.000000000
0.000000000
0.000000000
-5912.934227004
6012.920718304
0.000000000
0.000000000
-0.000000000
0.000000000
-0.000000000
0.000000000
0.000000000
0.000000000
-0.000000000
0.000000000
>> 