
                    12

                               0      0
                               0      3
                               0      6
                               0      9
                               9      0
                               9      3
                               9      6
                               9      9
                              18     0
                              18     3
                              18     6
                              18     9


                          15

                        1     2
                        2     3
                        3     4
                        2     6
                        3     7
                        4     8
                        5     6
                        6     7
                        7     8
                        6    10
                        7    11
                        8    12
                        9    10
                       10    11
                       11    12



                         6

               1                    0
               2                    0
              13                    0
              14                    0
              25                    0
              26                    0



                         3


                  4               8000
                  7               8000
                 10               4000




